12.21 9.57 12.5 10.55 10.22
10.67 10.24 11.43 9.86 12.25
11.95 9.41 9.48 9.48 10.83
11.84 12.6 10.04 11.97 10.87
12.58 12.01 9.31 10.38 11.49
12.32 9.62 12.42 10.19 11.78
10.02 12.4 11.59 10.05 12.15
10.76 8.92 9.75 12.53 9.41
10.13 10.24 10.85 12.05 9.95
12 9.8 11.41 10.01 11.88
9.92 11.5 9.31 12.22 12.17
11.4 11.87 10.47 12.43 10.37
11.76 10.58 10.29 9.02 10.68
10.29 10.04 12.2 9.3 12.13
12.73 11.68 10.43 9.78 10.7
12.33 11.52 10.42 10.16 9.64
12.33 11.97 11.34 12.78 9.59
9.19 11.07 12.24 12.9 9.61
9.8 9.45 10.14 9.66 10.44
12.09 9.78 11.94 11.86 10.15
